# Title     : TODO
# Objective : TODO
# Created by: coeat
# Created on: 2021/03/23

vec <- c(5, 1, 6, 27, 7, 9, 14)
#1
vec[c(2, 3, 6)]
#2
vec2 <- vec[c(-2,-3)]
#3
vec[3]<-5